build_commit,build_number,cpu_info,gpu_info,backends,model_filename,model_type,model_size,model_n_params,n_batch,n_ubatch,n_threads,cpu_mask,cpu_strict,poll,type_k,type_v,n_gpu_layers,n_cpu_moe,split_mode,main_gpu,no_kv_offload,flash_attn,devices,tensor_split,tensor_buft_overrides,use_mmap,use_direct_io,embeddings,no_op_offload,no_host,fit_target,fit_min_ctx,n_prompt,n_gen,n_depth,test_time,avg_ns,stddev_ns,avg_ts,stddev_ts
"1e5ad35d5","9093","AMD RYZEN AI MAX+ 395 w/ Radeon 8060S","AMD Radeon 8060S Graphics (RADV GFX1151), <lan-ip>:50052","Vulkan,RPC","/models/Qwen3-Coder-30B-A3B-Instruct-UD-Q4_K_XL.gguf","qwen3moe 30B.A3B Q4_K - Medium","17659361280","30532122624","2048","512","16","0x0","0","50","f16","f16","999","0","layer","0","0","1","auto","0.00","none","0","0","0","0","0","0","0","512","0","0","2026-05-09T19:44:51Z","378649236","1941042","1352.208768","6.952037"
"1e5ad35d5","9093","AMD RYZEN AI MAX+ 395 w/ Radeon 8060S","AMD Radeon 8060S Graphics (RADV GFX1151), <lan-ip>:50052","Vulkan,RPC","/models/Qwen3-Coder-30B-A3B-Instruct-UD-Q4_K_XL.gguf","qwen3moe 30B.A3B Q4_K - Medium","17659361280","30532122624","2048","512","16","0x0","0","50","f16","f16","999","0","layer","0","0","1","auto","0.00","none","0","0","0","0","0","0","0","0","128","0","2026-05-09T19:45:00Z","1691458407","6064355","75.675269","0.272513"
